746 160
745 169
744 176
743 181
742 185
741 188
740 191
658 422
657 424
656 426
655 428
654 430
652 433
649 437
648 438
647 439
646 440
645 441
641 444
638 446
636 447
634 448
631 449
628 450
624 451
615 452
382 456
381 456
380 456
379 456
378 456
377 456
376 456
181 454
178 453
176 452
175 451
174 448
174 447
174 446
174 445
174 444
174 443
174 442
174 441
174 440
174 439
174 438
174 437
174 436
174 435
174 434
174 433
174 432
174 431
174 430
174 429
174 428
174 427
174 426
174 425
174 424
174 423
174 422
174 421
174 420
174 419
174 418
174 417
174 416
174 415
174 414
174 404
174 403
174 402
174 401
174 400
174 399
174 398
174 397
174 396
174 395
174 394
174 393
174 392
174 391
174 390
174 389
174 388
174 387
174 386
174 385
174 384
174 383
174 382
174 381
174 380
174 379
174 378
174 377
174 376
174 375
174 374
174 373
174 372
174 371
174 370
174 369
174 368
174 367
174 366
174 365
174 364
174 363
174 362
174 361
174 360
174 359
174 358
174 357
174 356
174 355
174 354
174 353
174 352
174 351
174 350
174 349
174 348
174 347
174 346
174 345
174 344
174 343
174 342
174 341
174 340
174 339
174 338
174 337
174 336
174 335
174 334
174 333
174 332
174 331
174 330
174 329
174 328
174 327
174 326
174 325
174 324
174 323
174 322
174 321
174 320
174 319
174 318
174 317
174 316
174 315
174 314
174 313
174 312
174 311
174 310
174 309
174 308
174 307
174 306
174 305
174 304
174 303
174 302
174 301
174 300
174 299
174 298
174 297
174 296
174 295
174 294
174 293
174 292
233 59
234 57
235 56
238 55
414 53
415 53
416 53
417 53
418 53
419 53
420 53
421 53
684 53
685 53
686 53
687 53
688 53
689 53
690 53
691 53
700 54
705 55
708 56
713 58
715 59
718 61
721 63
722 64
723 65
724 66
725 67
726 68
727 69
728 70
729 71
730 72
731 73
733 76
735 79
736 81
737 83
739 88
740 91
741 94
742 97
744 107
745 112
746 121
746 122
746 123
746 124
746 125
746 126
746 127
746 128
746 129
746 130
746 131
746 132
746 133
746 134
746 135
746 136
746 137
746 138
746 139
746 140
746 141
746 142
746 143
746 144
746 145
746 146
746 147
746 148
746 149
746 150
746 151
746 152
746 153
746 154
746 155
746 156
746 157
746 158
746 159
